Comparing files IN\bud_97.in and OUT/BUD_97.IN
***** IN\bud_97.in
5 3
4 6 12 10 12 
1 2 4
0 1 4 4
1 1 4
0 1 3 1
1 1 3
0 3 5 9
***** OUT/BUD_97.IN
0
0
23985632 12 0 12 2 6 12 0 4 6 12 10 12 0 0 0 
40762920 0 4 0 0 0 0 0 0 0 0 0 0 0 0 0 
*****

Comparing files IN\bud_97.in and OUT/BUD_97.IN
***** IN\bud_97.in
5 3
4 6 12 10 12 
1 2 4
0 1 4 4
1 1 4
0 1 3 1
1 1 3
0 3 5 9
***** OUT/BUD_97.IN
0
0
23985632 12 0 12 2 6 12 0 4 6 12 10 12 0 0 0 
40762920 0 4 0 0 0 0 0 0 0 0 0 0 0 0 0 
*****

Comparing files IN\bud_97.in and OUT/BUD_97.IN
***** IN\bud_97.in
5 3
4 6 12 10 12 
1 2 4
0 1 4 4
1 1 4
0 1 3 1
1 1 3
0 3 5 9
***** OUT/BUD_97.IN
0
0
23985632 12 0 12 2 6 12 0 4 6 12 10 12 0 0 0 
40762920 0 4 0 0 0 0 0 0 0 0 0 0 0 0 0 
*****

Comparing files IN\bud_97.in and OUT/BUD_97.IN
***** IN\bud_97.in
5 3
4 6 12 10 12 
1 2 4
0 1 4 4
1 1 4
0 1 3 1
1 1 3
0 3 5 9
***** OUT/BUD_97.IN
0
0
23985632 12 0 12 2 6 12 0 4 6 12 10 12 0 0 0 
40762920 0 4 0 0 0 0 0 0 0 0 0 0 0 0 0 
*****

